   fm1   2  2  2  2  2  2  2  2  2  2  2  2
   fm2   2  2  2  2  2  2  2  2  0  0  0  0
  fim1   2  2  2  2  2  2  2  2 -2 -2 -2 -2
   fm3   2  2  2  2  0  0  0  0  2  2  2  2
   fm4   2  2  2  2  0  0  0  0  0  0  0  0
  afm1   2  2  2  2  0  0  0  0 -2 -2 -2 -2
  fim2   2  2  2  2 -2 -2 -2 -2  2  2  2  2
  afm2   2  2  2  2 -2 -2 -2 -2  0  0  0  0
  fim3   2  2  2  2 -2 -2 -2 -2 -2 -2 -2 -2
   fm5   0  0  0  0  2  2  2  2  2  2  2  2
   fm6   0  0  0  0  2  2  2  2  0  0  0  0
  afm3   0  0  0  0  2  2  2  2 -2 -2 -2 -2
   fm7   0  0  0  0  0  0  0  0  2  2  2  2
    nm   0  0  0  0  0  0  0  0  0  0  0  0
  fim4   2  2  2  2  2  2  2  2  2  2 -2 -2
  fim5   2  2  2  2  2  2  2  2 -2 -2  2  2
  fim6   2  2  2  2  0  0  0  0  2  2 -2 -2
  fim7   2  2  2  2  0  0  0  0 -2 -2  2  2
  afm4   2  2  2  2 -2 -2 -2 -2  2  2 -2 -2
  afm5   2  2  2  2 -2 -2 -2 -2 -2 -2  2  2
  fim8   0  0  0  0  2  2  2  2  2  2 -2 -2
  fim9   0  0  0  0  2  2  2  2 -2 -2  2  2
  afm6   0  0  0  0  0  0  0  0  2  2 -2 -2
 fim10   2  2  2  2  2  2  2  2  2 -2  2 -2
 fim11   2  2  2  2  2  2  2  2 -2  2 -2  2
 fim12   2  2  2  2  0  0  0  0  2 -2  2 -2
 fim13   2  2  2  2  0  0  0  0 -2  2 -2  2
  afm7   2  2  2  2 -2 -2 -2 -2  2 -2  2 -2
  afm8   2  2  2  2 -2 -2 -2 -2 -2  2 -2  2
 fim14   0  0  0  0  2  2  2  2  2 -2  2 -2
 fim15   0  0  0  0  2  2  2  2 -2  2 -2  2
  afm9   0  0  0  0  0  0  0  0  2 -2  2 -2
 fim16   2  2  2  2  2  2 -2 -2  2  2  2  2
 fim17   2  2  2  2  2  2 -2 -2  0  0  0  0
 afm10   2  2  2  2  2  2 -2 -2 -2 -2 -2 -2
 fim18   2  2  2  2 -2 -2  2  2  2  2  2  2
 fim19   2  2  2  2 -2 -2  2  2  0  0  0  0
 afm11   2  2  2  2 -2 -2  2  2 -2 -2 -2 -2
 fim20   0  0  0  0  2  2 -2 -2  2  2  2  2
 afm12   0  0  0  0  2  2 -2 -2  0  0  0  0
 fim21   0  0  0  0  2  2 -2 -2 -2 -2 -2 -2
 fim22   2  2  2  2  2 -2  2 -2  2  2  2  2
 fim23   2  2  2  2  2 -2  2 -2  0  0  0  0
 afm13   2  2  2  2  2 -2  2 -2 -2 -2 -2 -2
 fim24   2  2  2  2 -2  2 -2  2  2  2  2  2
 fim25   2  2  2  2 -2  2 -2  2  0  0  0  0
 afm14   2  2  2  2 -2  2 -2  2 -2 -2 -2 -2
 fim26   0  0  0  0  2 -2  2 -2  2  2  2  2
 afm15   0  0  0  0  2 -2  2 -2  0  0  0  0
 fim27   0  0  0  0  2 -2  2 -2 -2 -2 -2 -2
 fim28   2  2  2  2  2  2 -2 -2  2  2 -2 -2
 fim29   2  2  2  2  2  2 -2 -2 -2 -2  2  2
 fim30   2  2  2  2 -2 -2  2  2  2  2 -2 -2
 fim31   2  2  2  2 -2 -2  2  2 -2 -2  2  2
 afm16   0  0  0  0  2  2 -2 -2  2  2 -2 -2
 afm17   0  0  0  0  2  2 -2 -2 -2 -2  2  2
 fim32   2  2  2  2  2 -2  2 -2  2  2 -2 -2
 fim33   2  2  2  2  2 -2  2 -2 -2 -2  2  2
 fim34   2  2  2  2 -2  2 -2  2  2  2 -2 -2
 fim35   2  2  2  2 -2  2 -2  2 -2 -2  2  2
 afm18   0  0  0  0  2 -2  2 -2  2  2 -2 -2
 afm19   0  0  0  0  2 -2  2 -2 -2 -2  2  2
 fim36   2  2  2  2  2  2 -2 -2  2 -2  2 -2
 fim37   2  2  2  2  2  2 -2 -2 -2  2 -2  2
 fim38   2  2  2  2 -2 -2  2  2  2 -2  2 -2
 fim39   2  2  2  2 -2 -2  2  2 -2  2 -2  2
 afm20   0  0  0  0  2  2 -2 -2  2 -2  2 -2
 afm21   0  0  0  0  2  2 -2 -2 -2  2 -2  2
 fim40   2  2  2  2  2 -2  2 -2  2 -2  2 -2
 fim41   2  2  2  2  2 -2  2 -2 -2  2 -2  2
 fim42   2  2  2  2 -2  2 -2  2  2 -2  2 -2
 fim43   2  2  2  2 -2  2 -2  2 -2  2 -2  2
 afm22   0  0  0  0  2 -2  2 -2  2 -2  2 -2
 afm23   0  0  0  0  2 -2  2 -2 -2  2 -2  2
 fim44   2  2  2  2  2  2 -2 -2  2 -2 -2  2
 fim45   2  2  2  2  2  2 -2 -2 -2  2  2 -2
 fim46   2  2  2  2 -2 -2  2  2  2 -2 -2  2
 fim47   2  2  2  2 -2 -2  2  2 -2  2  2 -2
 afm24   0  0  0  0  2  2 -2 -2  2 -2 -2  2
 afm25   0  0  0  0  2  2 -2 -2 -2  2  2 -2
 fim48   2  2  2  2  2 -2  2 -2  2 -2 -2  2
 fim49   2  2  2  2  2 -2  2 -2 -2  2  2 -2
 fim50   2  2  2  2 -2  2 -2  2  2 -2 -2  2
 fim51   2  2  2  2 -2  2 -2  2 -2  2  2 -2
 afm26   0  0  0  0  2 -2  2 -2  2 -2 -2  2
 afm27   0  0  0  0  2 -2  2 -2 -2  2  2 -2
 fim52   2  2 -2 -2  2  2  2  2  2  2  2  2
 fim53   2  2 -2 -2  2  2  2  2  0  0  0  0
 afm28   2  2 -2 -2  2  2  2  2 -2 -2 -2 -2
 fim54   2  2 -2 -2  0  0  0  0  2  2  2  2
 afm29   2  2 -2 -2  0  0  0  0  0  0  0  0
 fim55   2  2 -2 -2  0  0  0  0 -2 -2 -2 -2
 afm30   2  2 -2 -2 -2 -2 -2 -2  2  2  2  2
 fim56   2  2 -2 -2 -2 -2 -2 -2  0  0  0  0
 fim57   2  2 -2 -2 -2 -2 -2 -2 -2 -2 -2 -2
 fim58   2 -2  2 -2  2  2  2  2  2  2  2  2
 fim59   2 -2  2 -2  2  2  2  2  0  0  0  0
 afm31   2 -2  2 -2  2  2  2  2 -2 -2 -2 -2
 fim60   2 -2  2 -2  0  0  0  0  2  2  2  2
 afm32   2 -2  2 -2  0  0  0  0  0  0  0  0
 fim61   2 -2  2 -2  0  0  0  0 -2 -2 -2 -2
 afm33   2 -2  2 -2 -2 -2 -2 -2  2  2  2  2
 fim62   2 -2  2 -2 -2 -2 -2 -2  0  0  0  0
 fim63   2 -2  2 -2 -2 -2 -2 -2 -2 -2 -2 -2
 fim64   2  2 -2 -2  2  2  2  2  2  2 -2 -2
 fim65   2  2 -2 -2  2  2  2  2 -2 -2  2  2
 afm34   2  2 -2 -2  0  0  0  0  2  2 -2 -2
 afm35   2  2 -2 -2  0  0  0  0 -2 -2  2  2
 fim66   2  2 -2 -2 -2 -2 -2 -2  2  2 -2 -2
 fim67   2  2 -2 -2 -2 -2 -2 -2 -2 -2  2  2
 fim68   2 -2  2 -2  2  2  2  2  2  2 -2 -2
 fim69   2 -2  2 -2  2  2  2  2 -2 -2  2  2
 afm36   2 -2  2 -2  0  0  0  0  2  2 -2 -2
 afm37   2 -2  2 -2  0  0  0  0 -2 -2  2  2
 fim70   2 -2  2 -2 -2 -2 -2 -2  2  2 -2 -2
 fim71   2 -2  2 -2 -2 -2 -2 -2 -2 -2  2  2
 fim72   2  2 -2 -2  2  2  2  2  2 -2  2 -2
 fim73   2  2 -2 -2  2  2  2  2 -2  2 -2  2
 afm38   2  2 -2 -2  0  0  0  0  2 -2  2 -2
 afm39   2  2 -2 -2  0  0  0  0 -2  2 -2  2
 fim74   2  2 -2 -2 -2 -2 -2 -2  2 -2  2 -2
 fim75   2  2 -2 -2 -2 -2 -2 -2 -2  2 -2  2
 fim76   2 -2  2 -2  2  2  2  2  2 -2  2 -2
 fim77   2 -2  2 -2  2  2  2  2 -2  2 -2  2
 afm40   2 -2  2 -2  0  0  0  0  2 -2  2 -2
 afm41   2 -2  2 -2  0  0  0  0 -2  2 -2  2
 fim78   2 -2  2 -2 -2 -2 -2 -2  2 -2  2 -2
 fim79   2 -2  2 -2 -2 -2 -2 -2 -2  2 -2  2
 fim80   2  2 -2 -2  2  2  2  2  2 -2 -2  2
 fim81   2  2 -2 -2  2  2  2  2 -2  2  2 -2
 afm42   2  2 -2 -2  0  0  0  0  2 -2 -2  2
 afm43   2  2 -2 -2  0  0  0  0 -2  2  2 -2
 fim82   2  2 -2 -2 -2 -2 -2 -2  2 -2 -2  2
 fim83   2  2 -2 -2 -2 -2 -2 -2 -2  2  2 -2
 fim84   2 -2  2 -2  2  2  2  2  2 -2 -2  2
 fim85   2 -2  2 -2  2  2  2  2 -2  2  2 -2
 afm44   2 -2  2 -2  0  0  0  0  2 -2 -2  2
 afm45   2 -2  2 -2  0  0  0  0 -2  2  2 -2
 fim86   2 -2  2 -2 -2 -2 -2 -2  2 -2 -2  2
 fim87   2 -2  2 -2 -2 -2 -2 -2 -2  2  2 -2
 fim88   2  2 -2 -2  2  2 -2 -2  2  2  2  2
 afm46   2  2 -2 -2  2  2 -2 -2  0  0  0  0
 fim89   2  2 -2 -2  2  2 -2 -2 -2 -2 -2 -2
 fim90   2  2 -2 -2 -2 -2  2  2  2  2  2  2
 afm47   2  2 -2 -2 -2 -2  2  2  0  0  0  0
 fim91   2  2 -2 -2 -2 -2  2  2 -2 -2 -2 -2
 fim92   2 -2  2 -2  2  2 -2 -2  2  2  2  2
 afm48   2 -2  2 -2  2  2 -2 -2  0  0  0  0
 fim93   2 -2  2 -2  2  2 -2 -2 -2 -2 -2 -2
 fim94   2 -2  2 -2 -2 -2  2  2  2  2  2  2
 afm49   2 -2  2 -2 -2 -2  2  2  0  0  0  0
 fim95   2 -2  2 -2 -2 -2  2  2 -2 -2 -2 -2
 fim96   2  2 -2 -2  2 -2  2 -2  2  2  2  2
 afm50   2  2 -2 -2  2 -2  2 -2  0  0  0  0
 fim97   2  2 -2 -2  2 -2  2 -2 -2 -2 -2 -2
 fim98   2  2 -2 -2 -2  2 -2  2  2  2  2  2
 afm51   2  2 -2 -2 -2  2 -2  2  0  0  0  0
 fim99   2  2 -2 -2 -2  2 -2  2 -2 -2 -2 -2
fim100   2 -2  2 -2  2 -2  2 -2  2  2  2  2
 afm52   2 -2  2 -2  2 -2  2 -2  0  0  0  0
fim101   2 -2  2 -2  2 -2  2 -2 -2 -2 -2 -2
fim102   2 -2  2 -2 -2  2 -2  2  2  2  2  2
 afm53   2 -2  2 -2 -2  2 -2  2  0  0  0  0
fim103   2 -2  2 -2 -2  2 -2  2 -2 -2 -2 -2
fim104   2  2 -2 -2  2 -2 -2  2  2  2  2  2
 afm54   2  2 -2 -2  2 -2 -2  2  0  0  0  0
fim105   2  2 -2 -2  2 -2 -2  2 -2 -2 -2 -2
fim106   2  2 -2 -2 -2  2  2 -2  2  2  2  2
 afm55   2  2 -2 -2 -2  2  2 -2  0  0  0  0
fim107   2  2 -2 -2 -2  2  2 -2 -2 -2 -2 -2
fim108   2 -2  2 -2  2 -2 -2  2  2  2  2  2
 afm56   2 -2  2 -2  2 -2 -2  2  0  0  0  0
fim109   2 -2  2 -2  2 -2 -2  2 -2 -2 -2 -2
fim110   2 -2  2 -2 -2  2  2 -2  2  2  2  2
 afm57   2 -2  2 -2 -2  2  2 -2  0  0  0  0
fim111   2 -2  2 -2 -2  2  2 -2 -2 -2 -2 -2
 afm58   2  2 -2 -2  2  2 -2 -2  2  2 -2 -2
 afm59   2  2 -2 -2  2  2 -2 -2 -2 -2  2  2
 afm60   2  2 -2 -2 -2 -2  2  2  2  2 -2 -2
 afm61   2  2 -2 -2 -2 -2  2  2 -2 -2  2  2
 afm62   2 -2  2 -2  2  2 -2 -2  2  2 -2 -2
 afm63   2 -2  2 -2  2  2 -2 -2 -2 -2  2  2
 afm64   2 -2  2 -2 -2 -2  2  2  2  2 -2 -2
 afm65   2 -2  2 -2 -2 -2  2  2 -2 -2  2  2
 afm66   2  2 -2 -2  2 -2  2 -2  2  2 -2 -2
 afm67   2  2 -2 -2  2 -2  2 -2 -2 -2  2  2
 afm68   2  2 -2 -2 -2  2 -2  2  2  2 -2 -2
 afm69   2  2 -2 -2 -2  2 -2  2 -2 -2  2  2
 afm70   2 -2  2 -2  2 -2  2 -2  2  2 -2 -2
 afm71   2 -2  2 -2  2 -2  2 -2 -2 -2  2  2
 afm72   2 -2  2 -2 -2  2 -2  2  2  2 -2 -2
 afm73   2 -2  2 -2 -2  2 -2  2 -2 -2  2  2
 afm74   2  2 -2 -2  2 -2 -2  2  2  2 -2 -2
 afm75   2  2 -2 -2  2 -2 -2  2 -2 -2  2  2
 afm76   2  2 -2 -2 -2  2  2 -2  2  2 -2 -2
 afm77   2  2 -2 -2 -2  2  2 -2 -2 -2  2  2
 afm78   2 -2  2 -2  2 -2 -2  2  2  2 -2 -2
 afm79   2 -2  2 -2  2 -2 -2  2 -2 -2  2  2
 afm80   2 -2  2 -2 -2  2  2 -2  2  2 -2 -2
 afm81   2 -2  2 -2 -2  2  2 -2 -2 -2  2  2
 afm82   2  2 -2 -2  2  2 -2 -2  2 -2  2 -2
 afm83   2  2 -2 -2  2  2 -2 -2 -2  2 -2  2
 afm84   2  2 -2 -2 -2 -2  2  2  2 -2  2 -2
 afm85   2  2 -2 -2 -2 -2  2  2 -2  2 -2  2
 afm86   2 -2  2 -2  2  2 -2 -2  2 -2  2 -2
 afm87   2 -2  2 -2  2  2 -2 -2 -2  2 -2  2
 afm88   2 -2  2 -2 -2 -2  2  2  2 -2  2 -2
 afm89   2 -2  2 -2 -2 -2  2  2 -2  2 -2  2
 afm90   2  2 -2 -2  2 -2  2 -2  2 -2  2 -2
 afm91   2  2 -2 -2  2 -2  2 -2 -2  2 -2  2
 afm92   2  2 -2 -2 -2  2 -2  2  2 -2  2 -2
 afm93   2  2 -2 -2 -2  2 -2  2 -2  2 -2  2
 afm94   2 -2  2 -2  2 -2  2 -2  2 -2  2 -2
 afm95   2 -2  2 -2  2 -2  2 -2 -2  2 -2  2
 afm96   2 -2  2 -2 -2  2 -2  2  2 -2  2 -2
 afm97   2 -2  2 -2 -2  2 -2  2 -2  2 -2  2
 afm98   2  2 -2 -2  2 -2 -2  2  2 -2  2 -2
 afm99   2  2 -2 -2  2 -2 -2  2 -2  2 -2  2
afm100   2  2 -2 -2 -2  2  2 -2  2 -2  2 -2
afm101   2  2 -2 -2 -2  2  2 -2 -2  2 -2  2
afm102   2 -2  2 -2  2 -2 -2  2  2 -2  2 -2
afm103   2 -2  2 -2  2 -2 -2  2 -2  2 -2  2
afm104   2 -2  2 -2 -2  2  2 -2  2 -2  2 -2
afm105   2 -2  2 -2 -2  2  2 -2 -2  2 -2  2
afm106   2  2 -2 -2  2  2 -2 -2  2 -2 -2  2
afm107   2  2 -2 -2  2  2 -2 -2 -2  2  2 -2
afm108   2  2 -2 -2 -2 -2  2  2  2 -2 -2  2
afm109   2  2 -2 -2 -2 -2  2  2 -2  2  2 -2
afm110   2 -2  2 -2  2  2 -2 -2  2 -2 -2  2
afm111   2 -2  2 -2  2  2 -2 -2 -2  2  2 -2
afm112   2 -2  2 -2 -2 -2  2  2  2 -2 -2  2
afm113   2 -2  2 -2 -2 -2  2  2 -2  2  2 -2
afm114   2  2 -2 -2  2 -2  2 -2  2 -2 -2  2
afm115   2  2 -2 -2  2 -2  2 -2 -2  2  2 -2
afm116   2  2 -2 -2 -2  2 -2  2  2 -2 -2  2
afm117   2  2 -2 -2 -2  2 -2  2 -2  2  2 -2
afm118   2 -2  2 -2  2 -2  2 -2  2 -2 -2  2
afm119   2 -2  2 -2  2 -2  2 -2 -2  2  2 -2
afm120   2 -2  2 -2 -2  2 -2  2  2 -2 -2  2
afm121   2 -2  2 -2 -2  2 -2  2 -2  2  2 -2
afm122   2  2 -2 -2  2 -2 -2  2  2 -2 -2  2
afm123   2  2 -2 -2  2 -2 -2  2 -2  2  2 -2
afm124   2  2 -2 -2 -2  2  2 -2  2 -2 -2  2
afm125   2  2 -2 -2 -2  2  2 -2 -2  2  2 -2
afm126   2 -2  2 -2  2 -2 -2  2  2 -2 -2  2
afm127   2 -2  2 -2  2 -2 -2  2 -2  2  2 -2
afm128   2 -2  2 -2 -2  2  2 -2  2 -2 -2  2
afm129   2 -2  2 -2 -2  2  2 -2 -2  2  2 -2
