   fm1   5  5  5  5  5  5  5  5  5  5  5  5
    nm   0  0  0  0  0  0  0  0  0  0  0  0
  afm1   5  5  5  5  5  5 -5 -5 -5 -5 -5 -5
  afm2   5  5  5  5  5 -5  5 -5 -5 -5 -5 -5
  afm3   5  5  5  5  5 -5 -5  5 -5 -5 -5 -5
  afm4   5  5  5  5  5 -5 -5 -5  5 -5 -5 -5
  afm5   5  5  5  5  5 -5 -5 -5 -5  5 -5 -5
  afm6   5  5  5  5  5 -5 -5 -5 -5 -5  5 -5
  afm7   5  5  5  5  5 -5 -5 -5 -5 -5 -5  5
  afm8   5  5  5  5 -5 -5  5  5 -5 -5 -5 -5
  afm9   5  5  5  5 -5 -5  5 -5  5 -5 -5 -5
 afm10   5  5  5  5 -5 -5  5 -5 -5  5 -5 -5
 afm11   5  5  5  5 -5 -5  5 -5 -5 -5  5 -5
 afm12   5  5  5  5 -5 -5  5 -5 -5 -5 -5  5
 afm13   5  5  5  5 -5 -5 -5  5  5 -5 -5 -5
 afm14   5  5  5  5 -5 -5 -5  5 -5  5 -5 -5
 afm15   5  5  5  5 -5 -5 -5  5 -5 -5  5 -5
 afm16   5  5  5  5 -5 -5 -5  5 -5 -5 -5  5
 afm17   5  5  5  5 -5 -5 -5 -5  5  5 -5 -5
 afm18   5  5  5  5 -5 -5 -5 -5  5 -5  5 -5
 afm19   5  5  5  5 -5 -5 -5 -5  5 -5 -5  5
 afm20   5  5  5  5 -5 -5 -5 -5 -5  5  5 -5
 afm21   5  5  5  5 -5 -5 -5 -5 -5  5 -5  5
 afm22   5  5  5  5 -5 -5 -5 -5 -5 -5  5  5
 afm23   5  5  5 -5  5 -5  5  5 -5 -5 -5 -5
 afm24   5  5  5 -5  5 -5  5 -5  5 -5 -5 -5
 afm25   5  5  5 -5  5 -5  5 -5 -5  5 -5 -5
 afm26   5  5  5 -5  5 -5  5 -5 -5 -5  5 -5
 afm27   5  5  5 -5  5 -5  5 -5 -5 -5 -5  5
 afm28   5  5  5 -5  5 -5 -5  5  5 -5 -5 -5
 afm29   5  5  5 -5  5 -5 -5  5 -5 -5  5 -5
 afm30   5  5  5 -5  5 -5 -5  5 -5 -5 -5  5
 afm31   5  5  5 -5  5 -5 -5 -5 -5 -5  5  5
 afm32   5  5  5 -5 -5  5  5  5 -5 -5 -5 -5
 afm33   5  5  5 -5 -5  5  5 -5  5 -5 -5 -5
 afm34   5  5  5 -5 -5  5  5 -5 -5  5 -5 -5
 afm35   5  5  5 -5 -5  5  5 -5 -5 -5  5 -5
 afm36   5  5  5 -5 -5  5  5 -5 -5 -5 -5  5
 afm37   5  5  5 -5 -5  5 -5 -5  5  5 -5 -5
 afm38   5  5  5 -5 -5  5 -5 -5  5 -5  5 -5
 afm39   5  5  5 -5 -5  5 -5 -5  5 -5 -5  5
 afm40   5  5  5 -5 -5  5 -5 -5 -5  5  5 -5
 afm41   5  5  5 -5 -5 -5  5  5  5 -5 -5 -5
 afm42   5  5  5 -5 -5 -5  5  5 -5  5 -5 -5
 afm43   5  5  5 -5 -5 -5  5  5 -5 -5  5 -5
 afm44   5  5  5 -5 -5 -5  5  5 -5 -5 -5  5
 afm45   5  5  5 -5 -5 -5  5 -5  5  5 -5 -5
 afm46   5  5  5 -5 -5 -5  5 -5  5 -5  5 -5
 afm47   5  5  5 -5 -5 -5  5 -5  5 -5 -5  5
 afm48   5  5  5 -5 -5 -5  5 -5 -5  5  5 -5
 afm49   5  5  5 -5 -5 -5  5 -5 -5  5 -5  5
 afm50   5  5  5 -5 -5 -5  5 -5 -5 -5  5  5
 afm51   5  5  5 -5 -5 -5 -5  5  5  5 -5 -5
 afm52   5  5  5 -5 -5 -5 -5  5  5 -5  5 -5
 afm53   5  5  5 -5 -5 -5 -5  5  5 -5 -5  5
 afm54   5  5  5 -5 -5 -5 -5  5 -5  5  5 -5
 afm55   5  5  5 -5 -5 -5 -5  5 -5  5 -5  5
 afm56   5  5  5 -5 -5 -5 -5  5 -5 -5  5  5
 afm57   5  5  5 -5 -5 -5 -5 -5  5  5  5 -5
 afm58   5  5  5 -5 -5 -5 -5 -5  5 -5  5  5
 afm59   5  5  5 -5 -5 -5 -5 -5 -5  5  5  5
 afm60   5  5 -5  5  5 -5  5  5 -5 -5 -5 -5
 afm61   5  5 -5  5  5 -5  5 -5  5 -5 -5 -5
 afm62   5  5 -5  5  5 -5  5 -5 -5  5 -5 -5
 afm63   5  5 -5  5  5 -5  5 -5 -5 -5  5 -5
 afm64   5  5 -5  5  5 -5  5 -5 -5 -5 -5  5
 afm65   5  5 -5  5  5 -5 -5 -5  5  5 -5 -5
 afm66   5  5 -5  5  5 -5 -5 -5  5 -5  5 -5
 afm67   5  5 -5  5  5 -5 -5 -5  5 -5 -5  5
 afm68   5  5 -5  5  5 -5 -5 -5 -5  5  5 -5
 afm69   5  5 -5  5 -5 -5  5  5  5 -5 -5 -5
 afm70   5  5 -5  5 -5 -5  5  5 -5 -5 -5  5
 afm71   5  5 -5  5 -5 -5  5 -5  5 -5  5 -5
 afm72   5  5 -5  5 -5 -5  5 -5  5 -5 -5  5
 afm73   5  5 -5  5 -5 -5  5 -5 -5  5  5 -5
 afm74   5  5 -5  5 -5 -5  5 -5 -5  5 -5  5
 afm75   5  5 -5  5 -5 -5  5 -5 -5 -5  5  5
 afm76   5  5 -5  5 -5 -5 -5  5  5  5 -5 -5
 afm77   5  5 -5  5 -5 -5 -5  5  5 -5  5 -5
 afm78   5  5 -5  5 -5 -5 -5  5  5 -5 -5  5
 afm79   5  5 -5  5 -5 -5 -5  5 -5  5  5 -5
 afm80   5  5 -5  5 -5 -5 -5  5 -5  5 -5  5
 afm81   5  5 -5  5 -5 -5 -5 -5  5  5  5 -5
 afm82   5 -5  5  5 -5 -5  5 -5  5 -5  5 -5
 afm83   5 -5  5  5 -5 -5  5 -5  5 -5 -5  5
 afm84   5 -5  5  5 -5 -5  5 -5 -5  5 -5  5
 afm85   5 -5  5  5 -5 -5 -5  5 -5  5 -5  5
 afm86   5 -5  5 -5 -5  5  5 -5  5 -5 -5  5
 afm87   5 -5  5 -5 -5  5  5 -5 -5  5  5 -5
 afm88   5 -5  5 -5 -5  5  5 -5 -5  5 -5  5
 afm89   5 -5  5 -5 -5  5 -5  5  5 -5  5 -5
 afm90   5 -5  5 -5 -5  5 -5  5 -5  5  5 -5
