generated by Automag
bulk
  5.1000003815          0.0000000000          0.0000000000        
  0.0000000000         19.2775192261          0.0000000000        
  2.5500001907         -1.3492406501          4.2055977680        
  8 -nary case
    40 # Number of points in the multilattice
  5.1000003840          6.4681929012          2.0751260717        0/1
  5.1000003840         16.1069519359          2.0751260717        0/1
  2.5500001933          1.6488130947          2.0751260717        0/1
  2.5500001933         11.2875721294          2.0751260717        0/1
  5.1000005370          0.6595911930          3.3039176360        2
  5.1000005370         10.2983512494          3.3039176360        2
  2.5500001933          5.4789708646          3.3039176360        2
  2.5500001933         15.1177310559          3.3039176360        2
  5.1000005345          3.3039183890          4.1522708135        3/4
  5.1000005345         12.9426782913          4.1522708135        3/4
  2.5500002060          8.1232979257          4.1522708135        3/4
  2.5500002060         17.7620569604          4.1522708135        3/4
  5.1000004580          3.8212438729          1.2259317578        5
  5.1000004580         13.4600037752          1.2259317578        5
  2.5500002672          8.6406239686          1.2259317578        5
  2.5500002672         18.2793835817          1.2259317578        5
  5.8642354973          4.6141417489          2.8404608124        6
  5.8642354973         14.2529019403          2.8404608124        6
  3.3142353065         -0.2052379805          2.8404608124        6
  3.3142353065          9.4335221338          2.8404608124        6
  0.7395000553          5.4097889886          0.3604197203        6
  0.7395000553         15.0485491800          0.3604197203        6
  3.2895003583          0.5904092592          0.3604197203        6
  3.2895003583         10.2291693735          0.3604197203        6
  3.5962651593          5.0054215671          1.6208373672        6
  3.5962651593         14.6441817585          1.6208373672        6
  1.0462650706          0.1860418377          1.6208373672        6
  1.0462650706          9.8248019520          1.6208373672        6
  4.1506352390          6.7880734893          3.8397107117        7
  4.1506352390         16.4268336807          3.8397107117        7
  6.7006354298          1.9686933936          3.8397107117        7
  6.7006354298         11.6074527175          3.8397107117        7
  1.8451800972          7.2620617324          2.3622842074        7
  1.8451800972         16.9008219237          2.3622842074        7
  4.3951804052          2.4426816367          2.3622842074        7
  4.3951804052         12.0814409606          2.3622842074        7
  4.2041854267          7.7643840048          0.7965402257        7
  4.2041854267         17.4031441962          0.7965402257        7
  1.6541851594          2.9450039091          0.7965402257        7
  1.6541851594         12.5837632330          0.7965402257        7
    1 1   # Starting and ending cell sizes for search
0.10000000E-06 # Epsilon (finite precision parameter)
full list of labelings
# Concentration restrictions
   4   4  80
   4   4  80
   8   8  80
   4   4  80
   4   4  80
   8   8  80
  24  24  80
  24  24  80
