   fm1   4  4  4  4  4  4  4  4  4  4  4  4
    nm   0  0  0  0  0  0  0  0  0  0  0  0
  afm1   4  4  4  4  4  4 -4 -4 -4 -4 -4 -4
  afm2   4  4  4  4  4 -4  4 -4 -4 -4 -4 -4
  afm3   4  4  4  4  4 -4 -4  4 -4 -4 -4 -4
  afm4   4  4  4  4  4 -4 -4 -4  4 -4 -4 -4
  afm5   4  4  4  4  4 -4 -4 -4 -4  4 -4 -4
  afm6   4  4  4  4  4 -4 -4 -4 -4 -4  4 -4
  afm7   4  4  4  4  4 -4 -4 -4 -4 -4 -4  4
  afm8   4  4  4  4 -4 -4  4  4 -4 -4 -4 -4
  afm9   4  4  4  4 -4 -4  4 -4  4 -4 -4 -4
 afm10   4  4  4  4 -4 -4  4 -4 -4  4 -4 -4
 afm11   4  4  4  4 -4 -4  4 -4 -4 -4  4 -4
 afm12   4  4  4  4 -4 -4  4 -4 -4 -4 -4  4
 afm13   4  4  4  4 -4 -4 -4  4  4 -4 -4 -4
 afm14   4  4  4  4 -4 -4 -4  4 -4  4 -4 -4
 afm15   4  4  4  4 -4 -4 -4  4 -4 -4  4 -4
 afm16   4  4  4  4 -4 -4 -4  4 -4 -4 -4  4
 afm17   4  4  4  4 -4 -4 -4 -4  4  4 -4 -4
 afm18   4  4  4  4 -4 -4 -4 -4  4 -4  4 -4
 afm19   4  4  4  4 -4 -4 -4 -4  4 -4 -4  4
 afm20   4  4  4  4 -4 -4 -4 -4 -4  4  4 -4
 afm21   4  4  4  4 -4 -4 -4 -4 -4  4 -4  4
 afm22   4  4  4  4 -4 -4 -4 -4 -4 -4  4  4
 afm23   4  4  4 -4  4 -4  4  4 -4 -4 -4 -4
 afm24   4  4  4 -4  4 -4  4 -4  4 -4 -4 -4
 afm25   4  4  4 -4  4 -4  4 -4 -4  4 -4 -4
 afm26   4  4  4 -4  4 -4  4 -4 -4 -4  4 -4
 afm27   4  4  4 -4  4 -4  4 -4 -4 -4 -4  4
 afm28   4  4  4 -4  4 -4 -4  4  4 -4 -4 -4
 afm29   4  4  4 -4  4 -4 -4  4 -4 -4  4 -4
 afm30   4  4  4 -4  4 -4 -4  4 -4 -4 -4  4
 afm31   4  4  4 -4  4 -4 -4 -4 -4 -4  4  4
 afm32   4  4  4 -4 -4  4  4  4 -4 -4 -4 -4
 afm33   4  4  4 -4 -4  4  4 -4  4 -4 -4 -4
 afm34   4  4  4 -4 -4  4  4 -4 -4  4 -4 -4
 afm35   4  4  4 -4 -4  4  4 -4 -4 -4  4 -4
 afm36   4  4  4 -4 -4  4  4 -4 -4 -4 -4  4
 afm37   4  4  4 -4 -4  4 -4 -4  4  4 -4 -4
 afm38   4  4  4 -4 -4  4 -4 -4  4 -4  4 -4
 afm39   4  4  4 -4 -4  4 -4 -4  4 -4 -4  4
 afm40   4  4  4 -4 -4  4 -4 -4 -4  4  4 -4
 afm41   4  4  4 -4 -4 -4  4  4  4 -4 -4 -4
 afm42   4  4  4 -4 -4 -4  4  4 -4  4 -4 -4
 afm43   4  4  4 -4 -4 -4  4  4 -4 -4  4 -4
 afm44   4  4  4 -4 -4 -4  4  4 -4 -4 -4  4
 afm45   4  4  4 -4 -4 -4  4 -4  4  4 -4 -4
 afm46   4  4  4 -4 -4 -4  4 -4  4 -4  4 -4
 afm47   4  4  4 -4 -4 -4  4 -4  4 -4 -4  4
 afm48   4  4  4 -4 -4 -4  4 -4 -4  4  4 -4
 afm49   4  4  4 -4 -4 -4  4 -4 -4  4 -4  4
 afm50   4  4  4 -4 -4 -4  4 -4 -4 -4  4  4
 afm51   4  4  4 -4 -4 -4 -4  4  4  4 -4 -4
 afm52   4  4  4 -4 -4 -4 -4  4  4 -4  4 -4
 afm53   4  4  4 -4 -4 -4 -4  4  4 -4 -4  4
 afm54   4  4  4 -4 -4 -4 -4  4 -4  4  4 -4
 afm55   4  4  4 -4 -4 -4 -4  4 -4  4 -4  4
 afm56   4  4  4 -4 -4 -4 -4  4 -4 -4  4  4
 afm57   4  4  4 -4 -4 -4 -4 -4  4  4  4 -4
 afm58   4  4  4 -4 -4 -4 -4 -4  4 -4  4  4
 afm59   4  4  4 -4 -4 -4 -4 -4 -4  4  4  4
 afm60   4  4 -4  4  4 -4  4  4 -4 -4 -4 -4
 afm61   4  4 -4  4  4 -4  4 -4  4 -4 -4 -4
 afm62   4  4 -4  4  4 -4  4 -4 -4  4 -4 -4
 afm63   4  4 -4  4  4 -4  4 -4 -4 -4  4 -4
 afm64   4  4 -4  4  4 -4  4 -4 -4 -4 -4  4
 afm65   4  4 -4  4  4 -4 -4 -4  4  4 -4 -4
 afm66   4  4 -4  4  4 -4 -4 -4  4 -4  4 -4
 afm67   4  4 -4  4  4 -4 -4 -4  4 -4 -4  4
 afm68   4  4 -4  4  4 -4 -4 -4 -4  4  4 -4
 afm69   4  4 -4  4 -4 -4  4  4  4 -4 -4 -4
 afm70   4  4 -4  4 -4 -4  4  4 -4 -4 -4  4
 afm71   4  4 -4  4 -4 -4  4 -4  4 -4  4 -4
 afm72   4  4 -4  4 -4 -4  4 -4  4 -4 -4  4
 afm73   4  4 -4  4 -4 -4  4 -4 -4  4  4 -4
 afm74   4  4 -4  4 -4 -4  4 -4 -4  4 -4  4
 afm75   4  4 -4  4 -4 -4  4 -4 -4 -4  4  4
 afm76   4  4 -4  4 -4 -4 -4  4  4  4 -4 -4
 afm77   4  4 -4  4 -4 -4 -4  4  4 -4  4 -4
 afm78   4  4 -4  4 -4 -4 -4  4  4 -4 -4  4
 afm79   4  4 -4  4 -4 -4 -4  4 -4  4  4 -4
 afm80   4  4 -4  4 -4 -4 -4  4 -4  4 -4  4
 afm81   4  4 -4  4 -4 -4 -4 -4  4  4  4 -4
 afm82   4 -4  4  4 -4 -4  4 -4  4 -4  4 -4
 afm83   4 -4  4  4 -4 -4  4 -4  4 -4 -4  4
 afm84   4 -4  4  4 -4 -4  4 -4 -4  4 -4  4
 afm85   4 -4  4  4 -4 -4 -4  4 -4  4 -4  4
 afm86   4 -4  4 -4 -4  4  4 -4  4 -4 -4  4
 afm87   4 -4  4 -4 -4  4  4 -4 -4  4  4 -4
 afm88   4 -4  4 -4 -4  4  4 -4 -4  4 -4  4
 afm89   4 -4  4 -4 -4  4 -4  4  4 -4  4 -4
 afm90   4 -4  4 -4 -4  4 -4  4 -4  4  4 -4
